                 0         1         2         3         4         5   \
ða        -0.191434  0.093985  0.059440 -0.067358 -0.185095 -0.325262   
ðæt       -0.204831  0.099507  0.069109 -0.071567 -0.195665 -0.337765   
ðe        -0.195353  0.099746  0.048670 -0.085449 -0.193085 -0.325366   
se        -0.203918  0.121519  0.056112 -0.084187 -0.166422 -0.309415   
hi        -0.199607  0.090475  0.051448 -0.090060 -0.184379 -0.317859   
...             ...       ...       ...       ...       ...       ...   
sigebryht -0.116809  0.057580  0.027864 -0.041500 -0.098881 -0.172233   
innoðe    -0.096247  0.060536  0.023828 -0.052838 -0.083335 -0.156978   
læt       -0.103598  0.054151  0.027108 -0.043585 -0.097352 -0.164680   
tungan    -0.129436  0.083151  0.048106 -0.051732 -0.114973 -0.222191   
forgielde -0.101913  0.058696  0.036968 -0.049611 -0.092432 -0.168787   

                 6         7         8         9   ...        90        91  \
ða         0.093188  0.463195 -0.173183 -0.142120  ...  0.376683 -0.066513   
ðæt        0.082400  0.461931 -0.164094 -0.151716  ...  0.384897 -0.082150   
ðe         0.079589  0.469344 -0.175779 -0.144242  ...  0.381730 -0.073673   
se         0.088100  0.441420 -0.157603 -0.144870  ...  0.363470 -0.066916   
hi         0.085227  0.454147 -0.165192 -0.136362  ...  0.381165 -0.081304   
...             ...       ...       ...       ...  ...       ...       ...   
sigebryht  0.043131  0.262954 -0.101458 -0.070434  ...  0.229057 -0.038121   
innoðe     0.050400  0.243094 -0.081202 -0.064202  ...  0.193458 -0.029942   
læt        0.040281  0.235404 -0.095455 -0.066454  ...  0.194082 -0.030545   
tungan     0.056381  0.319616 -0.115078 -0.096737  ...  0.268055 -0.040288   
forgielde  0.051044  0.231766 -0.092844 -0.069661  ...  0.185598 -0.031051   

                 92        93        94        95        96        97  \
ða         0.099434 -0.046022  0.222040  0.127229  0.107941 -0.111554   
ðæt        0.095783 -0.066378  0.216680  0.124346  0.131004 -0.111268   
ðe         0.109515 -0.061675  0.233612  0.129459  0.137297 -0.107753   
se         0.092277 -0.054831  0.226041  0.117855  0.118393 -0.123679   
hi         0.096066 -0.055829  0.212674  0.112933  0.137513 -0.096736   
...             ...       ...       ...       ...       ...       ...   
sigebryht  0.056060 -0.031307  0.119771  0.080548  0.059828 -0.068330   
innoðe     0.053018 -0.033862  0.112932  0.060933  0.070957 -0.064826   
læt        0.044349 -0.029955  0.114774  0.060044  0.061150 -0.060753   
tungan     0.076460 -0.028248  0.158402  0.091391  0.079472 -0.083175   
forgielde  0.046509 -0.024323  0.110136  0.055998  0.061579 -0.062678   

                 98        99  
ða         0.190312 -0.113934  
ðæt        0.179449 -0.111630  
ðe         0.195520 -0.124055  
se         0.178761 -0.129465  
hi         0.205641 -0.115479  
...             ...       ...  
sigebryht  0.110144 -0.074251  
innoðe     0.092983 -0.058275  
læt        0.099569 -0.056717  
tungan     0.137051 -0.093420  
forgielde  0.087872 -0.058175  

[1212 rows x 100 columns] ang_ewt-ud-complete-xz.txt
